,index,Name,Pose,Gold.Goldscore.Fitness,Gold.PLP.Fitness,Hbond,Mean,Cluster_from_mean,Cluster_from_no_mean
0,0,3nx8_1,1,42.6725,23.7484,0,33.21045,1,1
1,1,3nx8_1,2,43.2695,22.2377,0,32.7536,1,1
2,2,3nx8_1,3,29.5911,12.2043,1,20.8977,0,3
3,3,3nx8_1,4,36.0195,10.0665,0,23.043,0,1
4,4,3nx8_1,5,39.6541,26.8856,0,33.26985,1,1
5,5,3nx8_1,6,41.4589,24.1496,1,32.804249999999996,3,0
6,6,3nx8_1,7,35.3402,28.9428,1,32.1415,3,0
7,7,3nx8_1,8,37.4491,10.4399,0,23.9445,0,1
8,8,3nx8_1,10,35.3759,28.9653,1,32.1706,3,0
9,9,3nx8_3,1,28.8418,23.4943,1,26.16805,3,3
10,10,3nx8_3,2,26.4684,25.1518,1,25.8101,0,3
11,11,3nx8_3,3,31.0773,27.4719,1,29.2746,3,0
12,12,3nx8_3,4,24.4698,25.0656,0,24.767699999999998,0,1
13,13,3nx8_3,5,28.3198,22.7045,1,25.51215,0,3
14,14,3nx8_3,6,24.527,22.4631,1,23.49505,0,3
15,15,3nx8_3,7,26.7733,28.4682,1,27.62075,3,0
16,16,3nx8_3,8,27.5173,27.7142,2,27.61575,2,0
17,17,3nx8_3,9,29.3119,23.1098,1,26.21085,3,3
18,18,3nx8_3,10,26.5008,24.8033,0,25.652050000000003,0,1
19,19,3l9n_0,1,37.5782,34.9035,1,36.24085,3,0
20,20,3l9n_0,2,37.1623,36.3523,1,36.7573,3,0
21,21,3l9n_0,3,36.1422,36.525,0,36.333600000000004,1,2
22,22,3l9n_0,4,37.7007,29.516,1,33.60835,3,0
23,23,3l9n_0,5,35.9469,37.5298,1,36.73835,3,0
24,24,3l9n_0,6,35.1121,28.5466,1,31.829349999999998,3,0
25,25,3l9n_0,7,35.4497,36.8521,1,36.1509,3,0
26,26,3l9n_0,8,35.0675,34.0467,1,34.557100000000005,3,0
27,27,3l9n_0,9,33.909,30.7191,0,32.31405,1,1
28,28,3l9n_0,10,36.7959,25.4168,1,31.10635,3,0
29,29,3ovv_1,1,44.9796,48.4548,0,46.7172,1,2
30,30,3ovv_1,2,46.7868,41.1939,1,43.99035,3,2
31,31,3ovv_1,3,38.0422,35.162,0,36.6021,1,2
32,32,3ovv_1,4,44.6497,39.9104,1,42.28005,3,2
33,33,3ovv_1,5,32.2902,36.6501,0,34.470150000000004,1,1
34,34,3ovv_1,6,42.51,37.1081,0,39.80905,1,2
35,35,3ovv_1,7,42.4077,42.528,2,42.46785,2,0
36,36,3ovv_1,8,41.6004,45.5826,1,43.591499999999996,3,2
37,37,3ovv_1,9,40.6356,31.7515,1,36.19355,3,0
38,38,3ovv_1,10,40.9439,39.5037,0,40.2238,1,2
39,39,3oxt_0,1,44.1829,43.822,3,44.002449999999996,2,0
40,40,3oxt_0,2,33.506,29.1832,0,31.3446,1,1
41,41,3oxt_0,3,33.548,26.5262,0,30.037100000000002,1,1
42,42,3oxt_0,4,42.645,44.3786,3,43.5118,2,0
43,43,3oxt_0,5,35.3189,28.2967,0,31.8078,1,1
44,44,3oxt_0,6,35.0856,24.1603,1,29.62295,3,0
45,45,3oxt_0,7,36.1986,25.274,0,30.7363,1,1
46,46,3oxt_0,8,36.0089,35.1413,1,35.5751,3,0
47,47,3oxt_0,9,32.1495,31.5966,0,31.87305,1,1
48,48,3oxt_0,10,36.4919,29.8297,0,33.1608,1,1
49,49,3oog_1,1,35.7116,26.6162,0,31.163899999999998,1,1
50,50,3oog_1,2,33.121,31.7487,1,32.43485,3,0
51,51,3oog_1,3,28.6592,27.2397,2,27.94945,2,0
52,52,3oog_1,4,31.095,31.9277,1,31.51135,3,0
53,53,3oog_1,5,31.7029,19.0062,1,25.35455,0,3
54,54,3oog_1,6,32.2468,21.9766,1,27.1117,3,0
55,55,3oog_1,7,33.5175,25.2124,1,29.36495,3,0
56,56,3oog_1,8,24.8646,22.7461,2,23.805349999999997,2,3
57,57,3oog_1,9,31.9237,25.5608,1,28.74225,3,0
58,58,3oog_1,10,29.9442,31.0584,1,30.5013,3,0
59,59,3owp_1,1,39.15,37.9556,3,38.5528,2,0
60,60,3owp_1,2,37.1899,37.8368,3,37.51335,2,0
61,61,3owp_1,3,42.1334,45.5263,1,43.82985,3,2
62,62,3owp_1,4,41.3785,44.8566,3,43.11755,2,0
63,63,3owp_1,5,29.9065,29.082,3,29.49425,2,0
64,64,3owp_1,6,33.6382,24.6191,0,29.12865,1,1
65,65,3owp_1,7,31.1393,31.6386,0,31.38895,1,1
66,66,3owp_1,8,32.0672,37.5278,0,34.7975,1,2
67,67,3owp_1,9,33.0362,28.3845,0,30.71035,1,1
68,68,3owp_1,10,31.8781,31.5795,0,31.7288,1,1
69,69,3ovv_2,1,48.1098,41.264,1,44.6869,3,2
70,70,3ovv_2,2,42.9592,41.1052,0,42.0322,1,2
71,71,3ovv_2,3,43.6522,42.4684,0,43.0603,1,2
72,72,3ovv_2,4,41.6365,36.0777,0,38.8571,1,2
73,73,3ovv_2,5,38.4314,34.3436,0,36.3875,1,2
74,74,3ovv_2,6,38.8763,33.6927,0,36.2845,1,2
75,75,3ovv_2,7,41.4618,43.1557,1,42.30875,3,2
76,76,3ovv_2,8,38.7666,33.3726,0,36.069599999999994,1,2
77,77,3ovv_2,9,42.9327,46.3178,0,44.625249999999994,1,2
78,78,3ovv_2,10,44.0915,49.2589,0,46.675200000000004,1,2
79,79,3nx8_2,1,34.1604,42.8989,0,38.529650000000004,1,2
80,80,3nx8_2,2,35.4298,37.3838,1,36.406800000000004,3,0
81,81,3nx8_2,3,34.3326,38.124,1,36.228300000000004,3,0
82,82,3nx8_2,4,37.4997,37.6498,0,37.574749999999995,1,2
83,83,3nx8_2,5,33.0764,36.8737,0,34.975049999999996,1,2
84,84,3nx8_2,6,33.8147,37.3163,0,35.5655,1,2
85,85,3nx8_2,7,27.5856,31.098,1,29.3418,3,0
86,86,3nx8_2,8,32.455,38.9563,0,35.70565,1,2
87,87,3nx8_2,9,31.0091,39.7398,0,35.37445,1,2
88,88,3nx8_2,10,29.1657,36.8305,0,32.9981,1,1
89,89,3l9n_1,1,35.0666,27.8185,1,31.44255,3,0
90,90,3l9n_1,2,35.2415,35.0282,0,35.13485,1,2
91,91,3l9n_1,3,34.5571,27.4896,0,31.02335,1,1
92,92,3l9n_1,4,31.2273,21.0832,0,26.155250000000002,0,1
93,93,3l9n_1,5,32.5606,34.4547,0,33.50765,1,1
94,94,3l9n_1,6,35.8818,36.1558,0,36.0188,1,2
95,95,3l9n_1,7,29.0722,20.5625,0,24.817349999999998,0,1
96,96,3l9n_1,8,32.2314,35.0422,0,33.6368,1,1
97,97,3l9n_1,9,36.002,35.0887,0,35.54535,1,2
98,98,3l9n_1,10,37.0667,34.7418,1,35.90425,3,0
99,99,3oog_0,1,35.1021,38.1685,1,36.6353,3,0
100,100,3oog_0,2,37.4264,42.9942,1,40.210300000000004,3,2
101,101,3oog_0,3,34.4922,34.8521,1,34.67215,3,0
102,102,3oog_0,4,33.7674,33.795,1,33.7812,3,0
103,103,3oog_0,5,37.8773,35.3482,1,36.61275,3,0
104,104,3oog_0,6,33.7578,30.5396,1,32.148700000000005,3,0
105,105,3oog_0,7,34.6112,37.6619,1,36.13655,3,0
106,106,3oog_0,8,32.0367,32.4085,0,32.2226,1,1
107,107,3oog_0,9,32.738,28.0726,0,30.4053,1,1
108,108,3oog_0,10,31.5388,29.0795,0,30.30915,1,1
109,109,3ovv_0,1,50.7777,54.8556,1,52.81665,1,2
110,110,3ovv_0,2,49.9044,52.2775,0,51.09095000000001,1,2
111,111,3ovv_0,3,44.3112,38.3874,0,41.3493,1,2
112,112,3ovv_0,4,46.8933,38.8061,1,42.8497,3,2
113,113,3ovv_0,5,43.4449,50.4191,0,46.932,1,2
114,114,3ovv_0,6,44.4371,47.9559,0,46.1965,1,2
115,115,3ovv_0,7,43.5396,36.504,1,40.0218,3,2
116,116,3ovv_0,8,46.5083,40.8648,0,43.68655,1,2
117,117,3ovv_0,9,41.9503,43.0865,0,42.5184,1,2
118,118,3ovv_0,10,41.3936,43.5553,0,42.474450000000004,1,2
119,119,3oxt_1,1,44.6112,48.4163,4,46.51375,2,0
120,120,3oxt_1,2,45.437,46.7736,4,46.1053,2,0
121,121,3oxt_1,3,31.4652,27.7961,1,29.63065,3,0
122,122,3oxt_1,4,34.3401,29.0911,3,31.715600000000002,2,0
123,123,3oxt_1,5,35.5084,35.1656,1,35.337,3,0
124,124,3oxt_1,6,28.7895,27.4017,0,28.0956,0,1
125,125,3oxt_1,7,32.8286,29.468,2,31.1483,2,0
126,126,3oxt_1,8,30.1176,26.819,0,28.4683,1,1
127,127,3oxt_1,9,31.9401,27.1797,0,29.5599,1,1
128,128,3oxt_1,10,33.824,31.942,0,32.882999999999996,1,1
129,129,3mvj_2,1,27.5987,19.3206,0,23.45965,0,1
130,130,3mvj_2,2,30.0388,30.6357,0,30.337249999999997,1,1
131,131,3mvj_2,3,23.8555,18.5695,0,21.2125,0,3
132,132,3mvj_2,4,36.0268,33.1061,1,34.56645,3,0
133,133,3mvj_2,5,35.7035,31.3231,2,33.5133,2,0
134,134,3mvj_2,6,35.6317,22.28,2,28.95585,2,0
135,135,3mvj_2,7,25.3586,26.4129,0,25.88575,0,1
136,136,3mvj_2,8,29.8522,28.0125,0,28.93235,1,1
137,137,3mvj_2,9,29.5648,26.2215,0,27.89315,0,1
138,138,3mvj_2,10,22.8788,24.947,0,23.9129,0,1
139,139,3mvj_0,1,39.0571,34.4697,0,36.763400000000004,1,2
140,140,3mvj_0,2,36.9407,28.1281,1,32.5344,3,0
141,141,3mvj_0,3,42.4154,38.5405,2,40.47795,2,0
142,142,3mvj_0,4,36.2972,23.8203,1,30.058749999999996,3,0
143,143,3mvj_0,5,35.0697,31.4736,1,33.27165,3,0
144,144,3mvj_0,6,33.8411,33.3656,1,33.60335,3,0
145,145,3mvj_0,7,42.6085,31.2483,1,36.928399999999996,3,0
146,146,3mvj_0,8,39.2443,33.0914,0,36.16785,1,2
147,147,3mvj_0,9,36.8486,36.9208,0,36.884699999999995,1,2
148,148,3mvj_0,10,37.6149,27.0672,1,32.341049999999996,3,0
149,149,3mvj_4,1,36.8609,31.7409,2,34.3009,2,0
150,150,3mvj_4,2,24.7841,22.3975,0,23.5908,0,1
151,151,3mvj_4,3,29.0872,23.2476,2,26.1674,2,0
152,152,3mvj_4,4,29.9557,29.7329,1,29.8443,3,0
153,153,3mvj_4,5,27.6339,19.9211,1,23.7775,0,3
154,154,3mvj_4,6,32.3803,27.9961,1,30.1882,3,0
155,155,3mvj_4,7,32.5613,35.6572,2,34.10925,2,0
156,156,3mvj_4,8,26.7176,20.4315,0,23.574550000000002,0,1
157,157,3mvj_4,9,31.7837,28.3475,0,30.0656,1,1
158,158,3mvj_4,10,33.6129,27.1981,0,30.405500000000004,1,1
159,159,3nx8_0,1,42.9921,27.2614,0,35.12675,1,2
160,160,3nx8_0,2,43.7157,25.5505,0,34.6331,1,1
161,161,3nx8_0,3,41.4086,23.7791,1,32.59385,3,0
162,162,3nx8_0,4,35.8142,28.11,1,31.9621,3,0
163,163,3nx8_0,5,32.9297,15.9815,0,24.455599999999997,0,1
164,164,3nx8_0,6,40.1107,26.27,0,33.19035,1,1
165,165,3nx8_0,7,37.9495,17.356,0,27.65275,0,1
166,166,3nx8_0,8,25.5423,29.3619,1,27.4521,3,0
167,167,3nx8_0,9,35.7503,11.0476,0,23.39895,0,1
168,168,3nx8_0,10,35.9157,28.8716,1,32.39365,3,0
169,169,3mvj_3,1,40.4844,31.7617,1,36.12305,3,0
170,170,3mvj_3,2,34.973,32.1571,4,33.56505,2,0
171,171,3mvj_3,3,40.4825,31.5171,1,35.9998,3,0
172,172,3mvj_3,4,34.2976,37.1544,1,35.726,3,0
173,173,3mvj_3,5,34.0534,28.7783,3,31.415850000000002,2,0
174,174,3mvj_3,6,37.1735,17.0002,1,27.08685,3,0
175,175,3mvj_3,7,36.8703,21.0735,1,28.971899999999998,3,0
176,176,3mvj_3,9,37.2875,28.9982,1,33.14285,3,0
177,177,3mvj_3,10,34.3776,28.6702,2,31.5239,2,0
178,178,3mvj_1,1,36.8368,33.6965,1,35.26665,3,0
179,179,3mvj_1,2,33.042,27.7489,1,30.39545,3,0
180,180,3mvj_1,3,36.6362,34.8292,1,35.7327,3,0
181,181,3mvj_1,4,37.059,34.9274,1,35.9932,3,0
182,182,3mvj_1,5,31.5845,34.5523,1,33.0684,3,0
183,183,3mvj_1,6,35.2974,31.2422,1,33.269800000000004,3,0
184,184,3mvj_1,7,32.0777,29.55,0,30.813850000000002,1,1
185,185,3mvj_1,8,31.9003,32.4967,1,32.198499999999996,3,0
186,186,3mvj_1,9,31.1141,26.3036,1,28.708849999999998,3,0
187,187,3mvj_1,10,34.3947,37.0697,1,35.7322,3,0
188,188,4uh5_0,1,37.0323,34.8162,1,35.92425,3,0
189,189,4uh5_0,2,36.6569,27.9865,0,32.3217,1,1
190,190,4uh5_0,3,39.2028,30.2775,0,34.74015,1,1
191,191,4uh5_0,4,37.5592,38.1487,0,37.85395,1,2
192,192,4uh5_0,5,35.4841,29.6715,1,32.577799999999996,3,0
193,193,4uh5_0,6,33.9653,33.4141,1,33.6897,3,0
194,194,4uh5_0,7,35.1742,29.3793,1,32.27675,3,0
195,195,4uh5_0,8,30.9929,27.0499,0,29.0214,1,1
196,196,4uh5_0,9,33.5912,21.7274,1,27.6593,3,0
197,197,4uh5_0,10,31.523,15.3343,1,23.42865,0,3
198,198,4uh6_0,1,37.5727,22.6103,1,30.091499999999996,3,0
199,199,4uh6_0,2,38.1373,22.1924,1,30.16485,3,0
200,200,4uh6_0,3,31.688,5.5885,1,18.63825,0,3
201,201,4uh6_0,4,40.8992,24.4165,1,32.657849999999996,3,0
202,202,4uh6_0,5,40.2757,27.1425,0,33.7091,1,1
203,203,4uh6_0,6,33.6698,21.767,1,27.718400000000003,3,0
204,204,4uh6_0,7,51.5821,39.5985,0,45.5903,1,2
205,205,4uh6_0,8,34.3407,14.0861,1,24.2134,0,3
206,206,4uh6_0,9,31.7714,27.0086,1,29.39,3,0
207,207,4uh6_0,10,52.1205,35.3281,0,43.7243,1,2
208,208,4uch_0,1,30.605,26.8097,1,28.707349999999998,3,0
209,209,4uch_0,2,40.5262,28.5421,0,34.534150000000004,1,1
210,210,4uch_0,3,41.315,29.0993,1,35.20715,3,0
211,211,4uch_0,4,29.7234,28.6882,1,29.2058,3,0
212,212,4uch_0,5,39.505,25.3533,2,32.42915,2,0
213,213,4uch_0,6,36.9271,25.186,0,31.05655,1,1
214,214,4uch_0,7,45.0134,30.3731,0,37.69325,1,2
215,215,4uch_0,8,37.2621,19.5131,0,28.3876,1,1
216,216,4uch_0,9,33.2834,14.0014,0,23.642400000000002,0,1
217,217,4uch_0,10,28.6262,17.8405,1,23.23335,0,3
218,218,5adf_1,1,47.8093,50.3444,0,49.07685,1,2
219,219,5adf_1,2,31.2365,17.1253,3,24.1809,2,0
220,220,5adf_1,3,35.6782,10.6875,1,23.18285,0,3
221,221,5adf_1,4,33.0627,34.3935,1,33.7281,3,0
222,222,5adf_1,5,36.3947,18.8927,2,27.643700000000003,2,0
223,223,5adf_1,6,37.9722,36.2624,2,37.1173,2,0
224,224,5adf_1,7,36.7669,34.7418,0,35.75435,1,2
225,225,5adf_1,8,30.957,52.3395,0,41.648250000000004,1,2
226,226,5adf_1,9,34.4702,17.8888,0,26.179499999999997,0,1
227,227,5adf_1,10,36.2403,8.1941,0,22.2172,0,1
228,228,5adg_1,3,30.5091,32.796,0,31.652549999999998,1,1
229,229,5adg_1,5,28.9486,33.3706,0,31.1596,1,1
230,230,5adg_1,6,33.4225,28.3085,0,30.865499999999997,1,1
231,231,5adg_1,7,0.0,3.9327,1,1.96635,0,3
232,232,5adg_1,9,29.2243,29.3316,0,29.27795,1,1
233,233,5adg_1,10,28.2528,27.6263,0,27.93955,0,1
234,234,5adg_3,1,17.3534,15.8949,1,16.62415,0,3
235,235,5adg_3,2,24.2792,21.3933,1,22.83625,0,3
236,236,5adg_3,3,24.568,18.7544,0,21.6612,0,3
237,237,5adg_3,4,21.4891,23.1819,1,22.3355,0,3
238,238,5adg_3,5,20.3017,22.212,0,21.25685,0,3
239,239,5adg_3,6,23.2738,20.9226,2,22.0982,2,3
240,240,5adg_3,7,22.8471,12.3835,1,17.6153,0,3
241,241,5adg_3,8,21.8292,13.2181,1,17.52365,0,3
242,242,5adg_3,9,21.3202,17.5564,0,19.438299999999998,0,3
243,243,5adg_3,10,23.9867,21.3618,1,22.67425,0,3
244,244,7rmh_0,1,32.9817,37.8237,0,35.402699999999996,1,2
245,245,7rmh_0,2,33.7671,35.8637,0,34.8154,1,2
246,246,7rmh_0,3,27.2592,34.3928,0,30.826,1,1
247,247,7rmh_0,4,36.0138,38.0162,0,37.015,1,2
248,248,7rmh_0,5,31.1675,32.5709,0,31.8692,1,1
249,249,7rmh_0,6,32.1506,38.764,0,35.457300000000004,1,2
250,250,7rmh_0,7,32.4314,38.5938,0,35.5126,1,2
251,251,7rmh_0,8,36.4057,37.9033,0,37.1545,1,2
252,252,7rmh_0,9,33.2211,21.2387,0,27.2299,0,1
253,253,7rmh_0,10,28.7792,37.9212,0,33.3502,1,1
254,254,7rmh_cavity_0,1,33.2418,29.8106,0,31.5262,1,1
255,255,7rmh_cavity_0,2,31.8837,29.3021,1,30.5929,3,0
256,256,7rmh_cavity_0,3,33.9044,34.5389,1,34.22165,3,0
257,257,7rmh_cavity_0,4,35.7908,31.0341,0,33.41245,1,1
258,258,7rmh_cavity_0,5,33.5844,35.5546,1,34.569500000000005,3,0
259,259,7rmh_cavity_0,6,32.5406,31.1085,1,31.82455,3,0
260,260,7rmh_cavity_0,7,33.199,27.9621,0,30.58055,1,1
261,261,7rmh_cavity_0,8,29.4874,19.0057,1,24.24655,0,3
262,262,7rmh_cavity_0,9,30.4534,18.3821,0,24.417749999999998,0,1
263,263,7rmh_cavity_0,10,33.588,29.3336,0,31.4608,1,1
264,264,7rmh_cavity_1,1,29.6498,30.8743,0,30.262050000000002,1,1
265,265,7rmh_cavity_1,2,31.2841,28.0702,0,29.677149999999997,1,1
266,266,7rmh_cavity_1,3,30.8482,28.6184,1,29.7333,3,0
267,267,7rmh_cavity_1,4,31.4048,28.9101,1,30.15745,3,0
268,268,7rmh_cavity_1,5,34.4077,26.3236,0,30.36565,1,1
269,269,7rmh_cavity_1,6,33.8143,7.7969,1,20.805600000000002,0,3
270,270,7rmh_cavity_1,8,32.6998,5.8581,0,19.278950000000002,0,3
271,271,7rmh_cavity_1,9,33.2899,20.4519,1,26.8709,3,0
272,272,7rmh_cavity_1,10,32.1594,9.7315,0,20.94545,0,3
273,273,7rmh_cavity_5,1,27.8835,19.9362,1,23.90985,0,3
274,274,7rmh_cavity_5,2,22.4788,22.8284,1,22.653599999999997,0,3
275,275,7rmh_cavity_5,3,27.4809,21.3979,0,24.4394,0,1
276,276,7rmh_cavity_5,4,17.4509,21.7292,0,19.590049999999998,0,3
277,277,7rmh_cavity_5,5,17.7128,25.1665,1,21.43965,0,3
278,278,7rmh_cavity_5,6,16.3575,17.9505,0,17.154000000000003,0,3
279,279,7rmh_cavity_5,7,18.8945,16.5816,0,17.73805,0,3
280,280,7rmh_cavity_5,8,19.3247,24.6187,1,21.9717,0,3
281,281,7rmh_cavity_5,9,15.0927,15.2353,0,15.164000000000001,0,3
282,282,7rmh_cavity_5,10,16.2799,13.003,0,14.64145,0,3
283,283,7rmi_0,1,32.6276,36.6605,1,34.64405,3,0
284,284,7rmi_0,2,33.6879,41.2347,1,37.461299999999994,3,0
285,285,7rmi_0,3,31.632,37.1459,0,34.38895,1,1
286,286,7rmi_0,4,33.8061,37.0273,0,35.4167,1,2
287,287,7rmi_0,5,35.6343,38.0787,0,36.8565,1,2
288,288,7rmi_0,6,31.9298,29.1294,0,30.529600000000002,1,1
289,289,7rmi_0,7,32.384,36.2069,1,34.29545,3,0
290,290,7rmi_0,8,31.5777,31.045,0,31.31135,1,1
291,291,7rmi_0,9,31.2628,27.6433,0,29.453049999999998,1,1
292,292,7rmi_0,10,33.1509,34.9724,1,34.06165,3,0
293,293,4uh5_1,1,37.802,28.3418,0,33.0719,1,1
294,294,4uh5_1,2,38.96,35.3451,1,37.152550000000005,3,0
295,295,4uh5_1,3,32.3802,20.8019,1,26.591050000000003,3,3
296,296,4uh5_1,4,34.5167,26.8089,1,30.6628,3,0
297,297,4uh5_1,5,33.3,18.7494,0,26.0247,0,1
298,298,4uh5_1,6,35.3705,32.4604,1,33.91545,3,0
299,299,4uh5_1,7,33.1256,24.4113,0,28.76845,1,1
300,300,4uh5_1,8,34.3346,34.6915,1,34.51305,3,0
301,301,4uh5_1,9,33.8029,28.4727,1,31.1378,3,0
302,302,4uh5_1,10,32.0076,28.6108,0,30.309199999999997,1,1
303,303,7rmi_cavity_0,1,35.9751,28.4217,1,32.1984,3,0
304,304,7rmi_cavity_0,2,38.8503,27.9846,1,33.41745,3,0
305,305,7rmi_cavity_0,3,34.3255,33.8912,3,34.10835,2,0
306,306,7rmi_cavity_0,4,36.9674,28.5967,0,32.78205,1,1
307,307,7rmi_cavity_0,5,33.976,39.4396,2,36.7078,2,0
308,308,7rmi_cavity_0,6,30.7814,28.9818,1,29.8816,3,0
309,309,7rmi_cavity_0,7,32.4708,31.6703,2,32.07055,2,0
310,310,7rmi_cavity_0,8,35.8476,28.315,0,32.0813,1,1
311,311,7rmi_cavity_0,9,30.3183,21.5733,2,25.9458,2,0
312,312,7rmi_cavity_0,10,32.4582,24.7739,0,28.61605,1,1
313,313,4uh6_1,1,42.0547,19.84,0,30.94735,1,1
314,314,4uh6_1,2,38.7261,25.6051,2,32.1656,2,0
315,315,4uh6_1,3,37.2402,26.1546,2,31.697400000000002,2,0
316,316,4uh6_1,4,40.055,19.0127,1,29.53385,3,0
317,317,4uh6_1,5,37.3103,23.5728,1,30.44155,3,0
318,318,4uh6_1,6,32.8806,17.9409,0,25.41075,0,1
319,319,4uh6_1,7,33.2401,15.0941,1,24.167099999999998,0,3
320,320,4uh6_1,8,33.6719,15.1512,1,24.41155,0,3
321,321,4uh6_1,9,32.7141,18.7785,1,25.7463,0,3
322,322,4uh6_1,10,41.6713,28.695,1,35.18315,3,0
323,323,7rmi_cavity_5,2,0.0,19.8966,0,9.9483,0,3
324,324,7rmi_cavity_5,4,0.0,10.141,0,5.0705,0,3
325,325,7rmi_cavity_5,7,3.7323,30.123,0,16.92765,0,3
326,326,7rmi_cavity_5,8,0.0,17.3448,0,8.6724,0,3
327,327,7rmi_cavity_5,9,8.4449,28.4618,0,18.45335,0,3
328,328,7rmi_cavity_5,10,8.7429,9.2601,0,9.0015,0,3
329,329,4uch_1,1,41.5497,23.0553,0,32.3025,1,1
330,330,4uch_1,2,44.2864,26.3622,1,35.3243,3,0
331,331,4uch_1,3,30.2365,18.74,0,24.48825,0,1
332,332,4uch_1,4,31.7954,22.8495,1,27.32245,3,0
333,333,4uch_1,5,28.6091,28.1655,1,28.387300000000003,3,0
334,334,4uch_1,7,35.6853,24.5634,1,30.12435,3,0
335,335,4uch_1,8,24.5037,21.8847,0,23.1942,0,1
336,336,4uch_1,9,39.5638,19.8979,0,29.73085,1,1
337,337,4uch_1,10,33.3088,12.8672,1,23.088,0,3
338,338,7rmi_cavity_7,1,35.7605,34.3493,1,35.0549,3,0
339,339,7rmi_cavity_7,2,36.344,24.9315,0,30.63775,1,1
340,340,7rmi_cavity_7,3,34.9038,25.7541,1,30.32895,3,0
341,341,7rmi_cavity_7,4,36.1637,32.2781,1,34.2209,3,0
342,342,7rmi_cavity_7,5,36.8069,18.832,0,27.81945,0,1
343,343,7rmi_cavity_7,6,34.6565,19.076,1,26.86625,3,0
344,344,7rmi_cavity_7,7,32.2362,29.9119,0,31.07405,1,1
345,345,7rmi_cavity_7,8,31.9061,27.5387,0,29.7224,1,1
346,346,7rmi_cavity_7,9,33.8865,15.6436,1,24.76505,0,3
347,347,7rmi_cavity_7,10,35.0653,17.7533,1,26.4093,3,3
348,348,7rmi_cavity_6,1,26.9237,28.1318,0,27.527749999999997,0,1
349,349,7rmi_cavity_6,2,33.6649,30.017,0,31.84095,1,1
350,350,7rmi_cavity_6,3,24.738,26.7055,0,25.72175,0,1
351,351,7rmi_cavity_6,4,27.1381,32.4872,0,29.81265,1,1
352,352,7rmi_cavity_6,5,29.9567,29.3777,0,29.6672,1,1
353,353,7rmi_cavity_6,6,30.5125,21.5551,0,26.0338,0,1
354,354,7rmi_cavity_6,7,25.3804,26.1581,0,25.76925,0,1
355,355,7rmi_cavity_6,8,28.3276,32.451,0,30.3893,1,1
356,356,7rmi_cavity_6,9,26.7429,37.9837,0,32.363299999999995,1,1
357,357,7rmi_cavity_6,10,33.6659,27.3444,0,30.50515,1,1
358,358,5adg_0,1,35.0665,33.0276,1,34.04705,3,0
359,359,5adg_0,2,58.4981,53.1612,0,55.82965,1,2
360,360,5adg_0,3,58.428,50.4881,0,54.45805,1,2
361,361,5adg_0,4,34.6598,33.5131,1,34.08645,3,0
362,362,5adg_0,5,32.3723,19.2763,1,25.8243,0,3
363,363,5adg_0,6,28.0694,19.9454,1,24.0074,0,3
364,364,5adg_0,7,45.6567,48.5115,0,47.0841,1,2
365,365,5adg_0,8,26.1857,18.4539,1,22.3198,0,3
366,366,5adg_0,9,32.9036,20.2943,1,26.59895,3,3
367,367,5adg_0,10,30.9642,5.7594,1,18.361800000000002,0,3
368,368,5adg_2,1,61.0817,50.5248,0,55.80325,1,2
369,369,5adg_2,2,59.4833,53.7094,0,56.59635,1,2
370,370,5adg_2,3,41.0224,34.954,2,37.9882,2,0
371,371,5adg_2,4,28.9538,19.1258,1,24.0398,0,3
372,372,5adg_2,5,42.1116,35.5648,0,38.8382,1,2
373,373,5adg_2,6,41.0012,36.8744,2,38.937799999999996,2,0
374,374,5adg_2,7,37.5139,19.2759,2,28.3949,2,0
375,375,5adg_2,8,36.4056,24.5317,0,30.46865,1,1
376,376,5adg_2,9,41.461,31.7974,2,36.6292,2,0
377,377,5adg_2,10,32.0793,23.9439,1,28.0116,3,0
378,378,4d1n_4,1,34.5035,31.6673,2,33.0854,2,0
379,379,4d1n_4,2,32.3221,33.465,0,32.893550000000005,1,1
380,380,4d1n_4,3,38.6232,14.1083,0,26.36575,0,1
381,381,4d1n_4,4,36.8575,28.5754,1,32.71645,3,0
382,382,4d1n_4,5,45.3245,7.5438,0,26.43415,0,1
383,383,4d1n_4,6,33.9986,16.1739,1,25.08625,0,3
384,384,4d1n_4,7,32.0755,19.0059,2,25.5407,2,0
385,385,4d1n_4,8,43.0553,13.8358,0,28.44555,1,1
386,386,4d1n_4,9,29.1248,6.0967,1,17.61075,0,3
387,387,4d1n_4,10,31.707,17.5246,2,24.6158,2,0
388,388,4d1n_0,1,34.2237,19.7376,1,26.98065,3,0
389,389,4d1n_0,2,33.0498,19.5394,1,26.2946,3,3
390,390,4d1n_0,3,32.7097,15.2451,1,23.9774,0,3
391,391,4d1n_0,4,25.154,22.5941,0,23.87405,0,1
392,392,4d1n_0,5,29.1008,22.9771,1,26.03895,3,3
393,393,4d1n_0,6,34.6647,28.1266,0,31.395650000000003,1,1
394,394,4d1n_0,7,34.1663,12.8435,1,23.5049,0,3
395,395,4d1n_0,8,36.0829,19.4828,1,27.782850000000003,3,0
396,396,4d1n_0,9,33.3657,17.6651,1,25.5154,0,3
397,397,4d1n_0,10,34.7235,30.773,0,32.74825,1,1
398,398,4d1n_8,1,40.3501,34.6959,0,37.522999999999996,1,2
399,399,4d1n_8,2,37.8792,21.603,2,29.7411,2,0
400,400,4d1n_8,3,34.4236,23.0688,1,28.7462,3,0
401,401,4d1n_8,4,28.0577,19.6849,0,23.871299999999998,0,1
402,402,4d1n_8,5,32.2146,17.2605,1,24.73755,0,3
403,403,4d1n_8,6,33.4085,17.9172,1,25.66285,0,3
404,404,4d1n_8,7,41.1453,21.5808,0,31.36305,1,1
405,405,4d1n_8,8,30.0576,26.5094,1,28.2835,3,0
406,406,4d1n_8,9,44.3822,29.1254,1,36.7538,3,0
407,407,4d1n_8,10,33.6137,31.4182,2,32.515950000000004,2,0
408,408,4v3u_2,1,36.9203,22.9958,2,29.95805,2,0
409,409,4v3u_2,2,30.0177,20.3433,1,25.180500000000002,0,3
410,410,4v3u_2,3,32.9312,20.2841,1,26.60765,3,3
411,411,4v3u_2,4,30.0209,26.7923,1,28.4066,3,0
412,412,4v3u_2,5,31.9599,10.0137,0,20.986800000000002,0,3
413,413,4v3u_2,6,29.5438,19.0418,1,24.2928,0,3
414,414,4v3u_2,7,31.6941,28.2287,1,29.961399999999998,3,0
415,415,4v3u_2,8,31.922,3.1705,1,17.54625,0,3
416,416,4v3u_2,9,34.6583,23.5096,1,29.083949999999998,3,0
417,417,4v3u_2,10,31.549,4.4392,1,17.9941,0,3
418,418,4v3u_8,1,34.1019,30.9755,1,32.5387,3,0
419,419,4v3u_8,2,21.6189,19.2628,0,20.440849999999998,0,3
420,420,4v3u_8,3,33.9599,31.8731,1,32.9165,3,0
421,421,4v3u_8,4,27.7514,22.3338,1,25.0426,0,3
422,422,4v3u_8,5,21.3668,14.3805,1,17.87365,0,3
423,423,4v3u_8,6,20.241,22.1427,2,21.191850000000002,2,3
424,424,4v3u_8,7,28.132,26.305,0,27.2185,0,1
425,425,4v3u_8,8,26.9284,26.2505,0,26.58945,0,1
426,426,4v3u_8,9,19.9781,21.8705,2,20.924300000000002,2,3
427,427,4v3u_8,10,23.3187,9.1606,0,16.23965,0,3
428,428,4d1n_6,1,41.9103,36.0083,1,38.9593,3,2
429,429,4d1n_6,2,39.5387,35.029,1,37.28385,3,0
430,430,4d1n_6,3,34.122,26.8074,1,30.4647,3,0
431,431,4d1n_6,4,32.6083,37.2047,0,34.9065,1,2
432,432,4d1n_6,5,34.7177,38.5306,1,36.62415,3,0
433,433,4d1n_6,6,31.293,33.3154,1,32.304199999999994,3,0
434,434,4d1n_6,7,33.8209,27.1963,0,30.5086,1,1
435,435,4d1n_6,8,35.2741,18.9671,1,27.120599999999996,3,0
436,436,4d1n_6,9,29.4204,29.8311,0,29.62575,1,1
437,437,4d1n_6,10,30.8311,26.5211,1,28.676099999999998,3,0
438,438,4d1n_2,1,33.7644,22.8993,1,28.331850000000003,3,0
439,439,4d1n_2,2,37.0642,21.7004,1,29.3823,3,0
440,440,4d1n_2,3,32.778,31.995,2,32.3865,2,0
441,441,4d1n_2,4,31.6279,20.7973,0,26.212600000000002,0,1
442,442,4d1n_2,5,42.943,17.2435,0,30.093249999999998,1,1
443,443,4d1n_2,6,25.6071,15.8493,1,20.7282,0,3
444,444,4d1n_2,7,33.0649,32.3667,2,32.7158,2,0
445,445,4d1n_2,9,30.6028,26.9597,0,28.78125,1,1
446,446,4d1n_2,10,28.9257,15.4354,0,22.18055,0,1
447,447,4v3u_6,1,27.2738,24.5359,0,25.904850000000003,0,1
448,448,4v3u_6,2,28.134,24.3992,0,26.2666,0,1
449,449,4v3u_6,3,28.4128,24.7631,0,26.58795,0,1
450,450,4v3u_6,4,26.0967,19.3627,0,22.7297,0,1
451,451,4v3u_6,5,30.4862,27.528,0,29.0071,1,1
452,452,4v3u_6,6,25.6478,21.9628,1,23.805300000000003,0,3
453,453,4v3u_6,7,29.5892,18.4528,0,24.021,0,1
454,454,4v3u_6,8,23.2186,23.3096,0,23.2641,0,1
455,455,4v3u_6,9,27.3954,20.7354,0,24.065399999999997,0,1
456,456,4v3u_6,10,25.5178,24.3531,0,24.935450000000003,0,1
457,457,4v3u_0,1,42.8456,35.3452,0,39.0954,1,2
458,458,4v3u_0,2,36.5426,27.2047,1,31.873649999999998,3,0
459,459,4v3u_0,3,37.5938,26.6542,2,32.124,2,0
460,460,4v3u_0,4,35.746,17.4562,1,26.601100000000002,3,0
461,461,4v3u_0,5,42.4374,36.7224,0,39.579899999999995,1,2
462,462,4v3u_0,6,36.4912,21.404,0,28.9476,1,1
463,463,4v3u_0,7,32.8313,22.9305,1,27.880899999999997,3,0
464,464,4v3u_0,8,34.1528,17.9605,1,26.056649999999998,3,3
465,465,4v3u_0,9,29.8368,21.3693,1,25.60305,0,3
466,466,4v3u_0,10,31.9728,31.1628,1,31.5678,3,0
467,467,4v3u_4,1,44.8149,36.7791,0,40.797,1,2
468,468,4v3u_4,2,39.9607,26.8564,2,33.408550000000005,2,0
469,469,4v3u_4,3,39.4573,29.012,2,34.23465,2,0
470,470,4v3u_4,4,39.5521,9.4083,0,24.480200000000004,0,1
471,471,4v3u_4,5,34.7655,29.8382,1,32.30185,3,0
472,472,4v3u_4,6,33.604,0.7568,2,17.1804,2,3
473,473,4v3u_4,7,29.301,20.4911,0,24.89605,0,1
474,474,4v3u_4,8,42.8399,35.8342,1,39.337050000000005,3,2
475,475,4v3u_4,9,32.9308,14.6792,1,23.805,0,3
476,476,4v3u_4,10,34.9211,10.138,1,22.52955,0,3
477,477,5adf_0,1,36.3469,22.7259,2,29.5364,2,0
478,478,5adf_0,2,32.886,32.3621,2,32.62405,2,0
479,479,5adf_0,3,35.4814,22.8273,2,29.15435,2,0
480,480,5adf_0,4,31.8848,32.4884,1,32.1866,3,0
481,481,5adf_0,5,50.8166,50.2018,0,50.5092,1,2
482,482,5adf_0,6,49.5362,49.3447,0,49.44045,1,2
483,483,5adf_0,7,35.3126,21.9291,1,28.62085,3,0
484,484,5adf_0,8,32.5181,16.6316,1,24.574849999999998,0,3
485,485,5adf_0,9,37.5739,18.8369,1,28.2054,3,0
486,486,5adf_0,10,27.8199,17.6011,1,22.7105,0,3
487,487,4d1n_1,1,31.4702,32.404,0,31.9371,1,1
488,488,4d1n_1,2,25.8407,24.8488,0,25.344749999999998,0,1
489,489,4d1n_1,3,25.2901,25.6177,0,25.453899999999997,0,1
490,490,4d1n_1,4,31.3793,35.5131,0,33.446200000000005,1,1
491,491,4d1n_1,5,19.1095,20.2561,0,19.6828,0,3
492,492,4d1n_1,6,16.1861,18.7297,0,17.457900000000002,0,3
493,493,4d1n_1,7,15.2302,16.3324,0,15.7813,0,3
494,494,4d1n_1,8,18.4477,19.298,1,18.87285,0,3
495,495,4d1n_1,9,27.0902,21.6803,0,24.38525,0,1
496,496,4d1n_1,10,19.8613,22.2766,0,21.06895,0,3
497,497,4d1n_5,1,33.8341,24.0102,2,28.922150000000002,2,0
498,498,4d1n_5,2,33.7282,26.5703,2,30.149250000000002,2,0
499,499,4d1n_5,3,30.1686,27.2503,2,28.70945,2,0
500,500,4d1n_5,4,29.0254,27.0882,2,28.056800000000003,2,0
501,501,4d1n_5,5,25.5865,21.1874,0,23.38695,0,1
502,502,4d1n_5,6,24.633,16.2083,1,20.420650000000002,0,3
503,503,4d1n_5,8,18.2339,20.8883,0,19.5611,0,3
504,504,4d1n_5,9,21.7361,17.1984,1,19.46725,0,3
505,505,4d1n_5,10,15.6752,20.3419,1,18.00855,0,3
506,506,4d1n_9,1,31.7653,32.0418,2,31.903550000000003,2,0
507,507,4d1n_9,2,32.7219,28.1361,2,30.429,2,0
508,508,4d1n_9,3,39.3784,30.6457,1,35.01205,3,0
509,509,4d1n_9,4,28.814,30.4831,1,29.64855,3,0
510,510,4d1n_9,5,29.266,32.2626,1,30.7643,3,0
511,511,4d1n_9,6,29.1424,17.0204,2,23.0814,2,3
512,512,4d1n_9,7,29.4569,41.0034,0,35.23015,1,2
513,513,4d1n_9,8,22.8705,18.4104,1,20.64045,0,3
514,514,4d1n_9,9,27.6751,21.1588,2,24.41695,2,0
515,515,4d1n_9,10,19.3677,20.8242,1,20.095950000000002,0,3
516,516,4d1n_7,1,25.2207,26.3626,0,25.79165,0,1
517,517,4d1n_7,2,28.9574,21.7152,0,25.3363,0,1
518,518,4d1n_7,3,30.8237,26.2493,0,28.5365,1,1
519,519,4d1n_7,4,24.9293,22.3173,0,23.6233,0,1
520,520,4d1n_7,5,29.7269,24.8386,0,27.28275,0,1
521,521,4d1n_7,6,25.0352,25.0079,1,25.021549999999998,0,3
522,522,4d1n_7,7,27.8831,19.0992,0,23.491149999999998,0,1
523,523,4d1n_7,8,30.1473,24.5147,0,27.331000000000003,0,1
524,524,4d1n_7,9,25.1425,23.5636,0,24.35305,0,1
525,525,4d1n_7,10,26.3135,21.8051,0,24.0593,0,1
526,526,4v3u_3,1,30.7334,22.8786,2,26.805999999999997,2,0
527,527,4v3u_3,2,30.3744,23.3154,2,26.844900000000003,2,0
528,528,4v3u_3,3,31.338,26.1775,1,28.75775,3,0
529,529,4v3u_3,4,30.385,33.3416,1,31.863300000000002,3,0
530,530,4v3u_3,5,26.6949,28.2541,2,27.4745,2,0
531,531,4v3u_3,6,27.575,28.2007,2,27.88785,2,0
532,532,4v3u_3,7,25.5793,15.9465,1,20.762900000000002,0,3
533,533,4v3u_3,8,33.7945,33.0925,1,33.4435,3,0
534,534,4v3u_3,9,23.4149,19.2799,1,21.3474,0,3
535,535,4v3u_3,10,17.9285,23.975,1,20.95175,0,3
536,536,4d1n_3,1,29.6935,31.892,1,30.792749999999998,3,0
537,537,4d1n_3,2,31.5695,34.4011,0,32.9853,1,1
538,538,4d1n_3,3,28.244,25.7548,2,26.9994,2,0
539,539,4d1n_3,4,32.6338,31.3061,0,31.96995,1,1
540,540,4d1n_3,5,30.3103,30.9359,1,30.6231,3,0
541,541,4d1n_3,6,34.8133,30.4019,1,32.6076,3,0
542,542,4d1n_3,7,24.7623,31.3493,0,28.055799999999998,0,1
543,543,4d1n_3,8,34.1157,30.5042,2,32.30995,2,0
544,544,4d1n_3,9,26.9869,27.7821,0,27.3845,0,1
545,545,4d1n_3,10,24.4476,29.5999,0,27.02375,0,1
546,546,4v3u_7,1,39.1892,15.1527,1,27.170949999999998,3,0
547,547,4v3u_7,2,40.3583,33.4463,0,36.9023,1,2
548,548,4v3u_7,3,38.5171,29.6078,2,34.06245,2,0
549,549,4v3u_7,4,37.9356,27.0668,2,32.5012,2,0
550,550,4v3u_7,5,30.4024,12.668,2,21.5352,2,3
551,551,4v3u_7,6,33.5345,4.2622,2,18.89835,2,3
552,552,4v3u_7,7,38.0188,15.5457,1,26.782249999999998,3,0
553,553,4v3u_7,8,35.2933,21.3994,2,28.34635,2,0
554,554,4v3u_7,9,29.9972,3.5998,1,16.7985,0,3
555,555,4v3u_7,10,30.7352,24.4581,1,27.59665,3,0
556,556,4v3u_1,1,26.8819,21.1221,1,24.002000000000002,0,3
557,557,4v3u_1,2,25.8483,24.7424,1,25.29535,0,3
558,558,4v3u_1,3,30.0792,26.2574,0,28.168300000000002,0,1
559,559,4v3u_1,4,26.8952,22.6669,1,24.78105,0,3
560,560,4v3u_1,5,24.4389,25.9664,0,25.20265,0,1
561,561,4v3u_1,6,22.7226,15.23,1,18.976300000000002,0,3
562,562,4v3u_1,7,20.0643,14.8814,1,17.47285,0,3
563,563,4v3u_1,8,22.8986,28.1982,0,25.5484,0,1
564,564,4v3u_1,9,22.9071,24.5759,0,23.741500000000002,0,1
565,565,4v3u_1,10,20.4278,20.3968,0,20.412300000000002,0,3
566,566,4v3u_5,1,21.1445,12.9232,0,17.03385,0,3
567,567,4v3u_5,2,23.9353,15.6018,2,19.76855,2,3
568,568,4v3u_5,3,16.3919,23.8164,0,20.10415,0,3
569,569,4v3u_5,4,22.8173,18.4303,0,20.6238,0,3
570,570,4v3u_5,5,23.23,19.6237,0,21.42685,0,3
571,571,4v3u_5,6,28.0321,23.244,0,25.63805,0,1
572,572,4v3u_5,7,19.9592,23.3952,1,21.6772,0,3
573,573,4v3u_5,8,18.6797,17.2108,2,17.94525,2,3
574,574,4v3u_5,9,21.5041,15.7997,1,18.6519,0,3
575,575,4v3u_5,10,21.5936,17.9239,1,19.75875,0,3
